frame0004.jpg 0.255187 0.0745045 0.569901
frame0005.jpg 0.250307 -0.0507163 0.562615
frame0006.jpg 0.245406 -0.0354506 0.602344
frame0007.jpg 0.332813 -0.0121726 0.431825
frame0008.jpg 0.213512 0.011066 0.465642
frame0009.jpg 0.213829 -0.18047 0.555322
frame0010.jpg 0.244839 0.177668 0.464972
frame0011.jpg 0.33192 0.161183 0.447347
frame0012.jpg 0.358678 -0.209295 0.321061
frame0013.jpg 0.431546 0.0574021 0.393032
frame0014.jpg 0.175988 0.331642 0.514509
frame0015.jpg 0.257628 -0.241716 0.593723
frame0016.jpg 0.256864 -0.188388 0.472024
frame0017.jpg 0.394831 0.154256 0.242573
frame0018.jpg 0.370702 -0.106329 0.240023

